1 0 0 9999
1 1 3 9999
2 3 1 9999
7 1356490809019537690871025701540970913250 519679023675409127609357690110259347090 10000
7 23456 12345 10000
7 345 123 10000
7 345 -123 10000
7 345 -456 10000
7 345 456 10000
7 2739479274979798724971659273605471096731067509509120961509628379148076509267359061503506170561097564901650976060150213705109560156203741095627530916745097091625092730495610973509671401 16505661053741056026754016750650617040935761095609540175 1000000000
7 8561506107354610560347160923675096701596078915079863547098315470198245605469813279805614378590164176980235409681510984635210862953401856940915628709365440985089167523407561088372654068195304985198354680913564098059684310695267534901654310695460591734609513604954336019856890156098273985601968256506798153290251026953409612534906815748601569803451098234560981835603933198563470698386591962385461734570125460712356401560894718569034819053109815460981560932847609185879603542901853986410576031567019765091764823978059162945798345798045167402516703491567193276451010257348609 298560150679819826734987198273654079861523890645710982376094517680235746081527603947516809235709841760259376190457260354791253098641509826340198675230948761509736208541760298357461095769308412389054701572067169058427046985324780169352741356980270135468291470325698098653470681953706891524076895179068415079861543780694153768093541278069153208469157603984576081936715089051265370457610329546017160235960951810579675907610951709751092530916589076305761097650140710756109756094736109567105713 999999999